Unmapped FTR_IDNs (Total: 1137)
Generated from: all_supply
==================================================
31737
33374
34072
35968
36295
36371
38265
45166
45585
46382
46755
47447
52789
52942
53058
53319
55102
55952
57821
58846
60612
61355
62342
63488
64677
66002
66674
67093
68252
68914
69364
69570
72250
72923
74356
76574
76883
77508
78212
78313
78618
80318
80324
82019
82173
83358
83812
84270
88066
88549
90580
91683
92861
93241
93704
94250
96644
96752
97783
99581
100869
101282
102156
103102
103357
103875
103913
106188
113564
113998
114604
301861
301863
301865
301866
301870
301871
301873
301875
301876
301882
301883
301884
301885
301886
301887
301888
301891
301892
301893
301894
301899
301902
301903
301904
301905
301906
301909
301910
301911
302851
302852
302855
302859
302860
302861
302862
302863
302865
302866
302869
302872
302873
302875
302876
302877
302878
302880
302881
302887
302888
302892
302893
302895
302897
302899
302900
302901
302902
302903
302904
302905
302906
302907
302909
302911
302913
302914
302915
302918
302919
302920
302921
302922
302923
302924
302925
302926
302927
302930
302933
302937
302940
302942
302944
302947
302949
302950
302952
302954
302955
302957
302958
302961
302963
302964
302969
302970
302972
302974
302975
302976
302977
302979
302981
302983
302985
302988
302989
302992
302995
302998
302999
303001
303002
303003
303004
303005
303006
303008
303010
303011
303012
303015
303016
303018
303020
303021
303022
303023
303024
303025
303026
303038
303039
303041
303044
303046
303047
303050
303051
303052
303056
303057
303058
303060
303061
303062
303064
303065
303066
303067
303068
303069
303070
303071
303072
303075
303076
303077
303079
303081
303082
303084
303085
303086
303088
303089
303091
303092
303095
303098
303100
303102
303103
303104
303106
303107
303108
303110
303111
303113
303115
303117
303119
303120
303123
303126
303127
303128
303130
303132
303133
303134
303136
303137
303139
303141
303142
303143
303144
303145
303146
303148
303149
303150
303151
303152
303155
303157
303158
303159
303160
303161
303162
303164
303165
303166
303167
303168
303169
303170
303171
303172
303173
303175
303176
303177
303178
303182
303183
303185
303186
303190
303191
303192
303193
303194
303195
303199
303201
303202
303213
303216
303218
303219
303220
303223
303224
303226
303227
303228
303229
303230
303231
303232
303235
303236
303239
303240
303242
303243
303245
303247
303248
303249
303250
303253
303254
303255
303256
303258
303260
303261
303262
303263
303264
303265
303266
303267
303268
303270
303271
303272
303273
303274
303277
303278
303279
303280
303281
303283
303284
303285
303286
303287
303290
303291
303299
303300
303301
303303
303305
303306
303309
303310
303313
303314
303315
303316
303318
303320
303321
303322
303324
303326
303327
303329
303331
303333
303334
303338
303340
303342
303343
303344
303345
303352
303353
303354
303356
303357
303359
303361
303362
303363
303364
303366
303367
303368
303370
303371
303372
303373
303376
303377
303379
303382
303383
303384
303386
303389
303390
303395
303397
303399
303406
303407
303410
303411
303412
303413
303414
303415
303416
303417
303418
303419
303420
303425
303426
303427
303430
303431
303434
303435
303436
303437
303438
303440
303441
303442
303443
303444
303447
303448
303449
303453
303454
303455
303458
303459
303460
303461
303463
303464
303466
303469
303470
303472
303473
303475
303479
303481
303482
303483
303485
303486
303489
303490
303491
303492
303494
303495
303499
303502
303503
303504
303506
303508
303511
303512
303514
303515
303518
303519
303520
303521
303523
303524
303525
303526
303528
303529
303530
303531
303532
303534
303537
303538
303541
303543
303544
303546
303547
303548
303549
303550
303551
303552
303555
303556
303560
303561
303562
303569
303572
303574
303576
303577
303580
303582
303583
303586
303587
303588
303591
303592
303593
303594
303605
303606
303610
303611
303613
303614
303615
303620
303621
303622
303623
303624
303625
303626
303627
303628
303629
303632
303633
303634
303638
303639
303640
303641
303642
303643
303645
303647
303649
303651
303653
303654
303657
303658
303659
303660
303663
303664
303665
303666
303668
303669
303670
303671
303672
303673
303674
303675
303679
303680
303681
303682
303683
303687
303688
303690
303691
303692
303693
303695
303697
303698
303699
303700
303701
303702
303705
303706
303707
303710
303711
303712
303713
303714
303716
303719
303720
303721
303722
303725
303726
303727
303728
303729
303730
303731
303732
303734
303735
303736
303737
303738
303739
303740
303742
303745
303748
303749
303750
303751
303752
303753
303754
303755
303756
303758
303759
303762
303765
303766
303767
303782
303784
303785
303788
303789
303790
303791
303792
303793
303794
303796
303798
303799
303800
303802
303803
303805
303809
303810
303812
303813
303814
303816
303817
303818
303819
303820
303822
303824
303828
303829
303830
303831
303833
303835
303836
303837
303840
303842
303843
303844
303845
303846
303847
303848
303849
303850
303852
303854
303855
303857
303858
303861
303862
303863
303864
303865
303871
303872
303873
303874
303877
303878
303883
303884
303885
303886
303887
303888
303889
303892
303893
303894
303895
303896
303897
303898
303900
303904
303905
303906
303907
303911
303913
303914
303915
303916
303917
303918
303920
303922
303924
303926
303928
303929
303930
303931
303932
303937
303940
303941
303943
303944
303952
303953
303960
303961
303965
303966
303967
303971
303973
303975
303977
303978
303979
303980
303982
303983
303984
303986
303987
303988
303990
303991
303992
303993
303996
303998
304004
304006
304007
304009
304011
304014
304016
304017
304018
304019
304020
304021
304023
304026
304027
304028
304029
304030
304031
304034
304035
304036
304037
304038
304039
304040
304042
304044
304046
304052
304053
304054
304055
304058
304060
304062
304064
304065
304067
304070
304071
304072
304076
304077
304078
304079
304080
304082
304083
304084
304085
304086
304087
304088
304089
304090
304091
304092
304093
304094
304095
304097
304098
304099
304100
304101
304102
304105
304106
304108
304109
304110
304111
304112
304114
304117
304118
304119
304121
304126
304129
304131
304135
304137
304138
304150
304152
304153
304158
304159
304160
304161
304162
304163
304164
304166
304167
304168
304170
304177
304178
304181
304182
304183
304185
304186
304187
304190
304192
304193
304195
304201
304202
304203
304206
304209
304210
304213
304215
304216
304217
304219
304220
304222
304224
304226
304230
304231
304232
304233
304235
304236
304237
304238
304239
304242
304244
304245
304247
304249
304250
304252
304253
304254
304255
304258
304259
304260
304261
304262
304266
304267
304268
304269
304270
304271
304272
304273
304274
304276
304280
304281
304283
304284
304285
304286
304287
304288
304289
304292
304293
304295
304296
304297
304299
304301
304303
304304
304307
304308
304310
304311
304312
304314
304326
304327
304328
304329
304330
304331
304332
304333
304334
304335
304336
304337
304338
304339
304340
304341
304342
304343
304344
304345
304346
304347
304348
304349
304350
304351
304352
304353
304354
304355
304356
304357
304358
304359
304360
304361
304362
304363
304364
304365
304366
304377
304378
304379
304380
304381
304382
304383
304384
304385
304386
304387
304388
304389
304390
304391
304392
304393
304394
304395
304396
304397
304398
304399
304400
304401
304402
304403
304404
304405
304406
304407
304408
304409
304410
304411
304412
304413
304414
304415
304416
304417
304418
304419
304420
304421
304422
304423
304424
304425
304426
304427
304428
304429
304430
304431
304432
304433
304434
304435
304436
304437
304438
304439
304440
304441
304442
304443
304444
304445
304446
304447
304448
304449
304450
304451
304452
304453
304454
304455
304456
304457
304458
304459
304460
304461
304462
304463
304464
304465
304466
304467
304468
304469
304470
304471
304472
304473
304474
304475
304476
304477
304478
304479
304480
304481
304482
304483
304484
304485
304535
304536
304537
304538
304539
304540
304541
304607
304610
304611
702523
702524
702525
2017111362
2017112781
2017112815
2017112863
2017112989
2017112990
2017113107
2017113108
2017113261
2017113262
